0START
690.4116611205949,1088.953852424106,-94.96862877016018,510.9730260707167,-744.4437145365986,58.62649984803522,-2797.669259704312,76.38300512057748
0END
1START
704.1696646636083,1106.6116271654919,-48.45324114109837,519.5781479704606,-757.4040727953821,41.1249590076534,-2841.772492361775,77.58439274152244
1END
2START
713.1481931393884,1118.4291434649988,-47.18613621805735,523.977116809002,-763.0599968455765,41.105212930536354,-2863.011905275023,76.86894470713997
2END
3START
722.3700772927696,1129.8952011434512,-108.65427109083501,528.7548359474164,-769.1046441424122,99.76021067253774,-2892.5169123979294,107.70060560255256
3END
4START
762.6734747305711,1180.6806385856441,-100.36145331326384,552.6174529884532,-799.9265733580692,62.25051076849852,-3007.161117425396,80.30215971000383
4END
5START
779.9147482271374,1201.6829994121792,-24.641043003560466,561.2491066450721,-811.8872607364972,28.183876894512515,-3051.624925704231,56.49484740102403
5END
6START
788.0451430122191,1211.6600107544216,-33.06543544724107,565.1499486163717,-817.053011860987,40.59470787979101,-3071.8612002439195,66.9001387034167
6END
7START
818.3719313199904,1246.8817101072439,-100.64185285448805,584.8960990112937,-839.0345772352939,101.53695414008723,-3161.273226771842,105.00823209038874
7END
8START
818.590520030412,1247.127621222038,-103.90893331288767,585.0053981042274,-839.1984927106319,100.78138900815702,-3162.3661134712547,104.76294635529142
8END
9START
818.8364216902283,1247.4008452862265,-106.79363178387213,585.1420101465558,-839.3077823281153,103.30337691794418,-3163.4316872008058,106.29300118467334
9END
10START
835.256187221431,1265.862287086559,-103.9824912116507,594.4361078743716,-848.4911229844869,101.62902089112063,-3204.835794263226,102.4237947331326
10END
11START
855.8303182639131,1289.888566457827,-101.05465441064523,605.6017633545598,-861.3097269161977,100.77875145459922,-3263.2416726568053,105.03509482390821
11END
12START
856.0762199032621,1290.1617905015482,-103.939353864063,605.7383753764208,-861.4190165336812,103.3007377939422,-3264.307246427291,106.56514946908389
12END
13START
-6.97163700571041,-107.60483690815482,-8.007953589536399,-91.86691348210982,-35.53519513465072,6.528298492535331,281.38064651254524
13END
14START
-6.99359901990396,-107.69365444872616,-8.054777954191515,-91.87165625458427,-35.53978130347984,6.552167730076069,281.61773969997455
14END
15START
-7.908844753843141,-111.28276241603763,-8.220387684529515,-91.97522509846965,-35.741581195982,6.403311970023335,291.0812007594614
15END
16START
-7.96004790939621,-111.4756930849127,-8.254652377765996,-91.98400575111701,-35.75607022037841,6.425266147953908,291.521801522125
16END
17START
-7.984951440979753,-111.56924603108371,-8.247644549512405,-91.98359092584464,-35.76168949825356,6.390448259331761,291.7413262852075
17END
18START
-8.03711051813277,-111.76430704876371,-8.269351915612415,-91.98826878448979,-35.7744912393204,6.388684416342328,292.1769987238419
18END
19START
-8.115157936508785,-112.05526249440088,-8.283765127524472,-91.98762353718784,-35.791677094446975,6.362096415431087,292.82727095179155
19END
20START
-8.142640464501635,-112.15782399375752,-8.318570918502921,-91.99185878965746,-35.79862633987977,6.404769217957121,293.0423858273804
20END
21START
-8.168569560970862,-112.25402893596026,-8.299923595684124,-91.99133396190457,-35.804721108563015,6.357604978361994,293.2584810138023
21END
22START
-8.19569620438245,-112.35428230082674,-8.320945327811149,-91.99177063839412,-35.81075318869806,6.365040976786974,293.4726432961939
22END
23START
-8.22267390815685,-112.45372882128252,-8.32979914798282,-91.99190903185071,-35.81676388824564,6.358815814870418,293.6868480454819
23END
24START
-8.250752665102498,-112.55791101947665,-8.366105673175829,-91.99669912824497,-35.82382926914369,6.41610980719126,293.9006008089608
24END
25START
-8.276626021234145,-112.65320187531972,-8.331851070369943,-91.99569184215953,-35.82994715801765,6.341964285932764,294.11615381711357
25END
26START
-8.305142842928184,-112.75885032997282,-8.405150000366975,-92.00061076021116,-35.83652175073168,6.462085834157136,294.3295256611692
26END
27START
-8.331477661504717,-112.85537369123212,-8.361392352269448,-92.00137021869143,-35.84394190496219,6.356415378181336,294.54401458979027
27END
28START
-8.35999699881543,-112.96025025619865,-8.431679768228081,-92.00602110904185,-35.85039794519545,6.464382377656752,294.7571493271122
28END
29START
-8.990843735349126,-115.25660036821556,-8.955179085110977,-92.10712065437727,-36.04324874005852,6.2636820501101,299.57082469614073
29END
30START
-9.147921524609242,-115.84081779648312,-8.971165246731491,-92.25341010278038,-36.09988482739975,6.28058090861058,300.8112539652472
30END
31START
-9.198815978361457,-116.03410744545177,-8.969457626259718,-92.2796316083017,-36.106485282296354,6.260294849866186,301.2179631892551
31END
32START
-9.384836467918888,-116.72221184066262,-9.008555515116377,-92.4117961341032,-36.13809548636611,6.320186445235288,302.6251583170176
32END
33START
-9.43756030868944,-116.92031718031924,-9.034222149901677,-92.45570573270979,-36.148950396180496,6.331934028784803,303.02690062551983
33END
34START
-9.490430423572082,-117.11787718311929,-9.033108048517619,-92.49685994711572,-36.15775870309589,6.329303366738763,303.4257753099914
34END
35START
-9.517292884483044,-117.2162812662108,-9.028806309501617,-92.50588334707612,-36.155423714413224,6.325575602889591,303.6185257384972
35END
36START
-9.570338968411692,-117.40799774783704,-9.022531490549738,-92.51649974618644,-36.14780675283216,6.320766903403768,304.0018444147972
36END
37START
-9.597197554989279,-117.50434289112371,-9.04165425980967,-92.52087291997115,-36.1446131634606,6.307318103609666,304.1928167133939
37END
38START
-9.622943844665915,-117.59701190039466,-9.019692240946458,-92.52468921222145,-36.13954807215539,6.315769513677779,304.38351581479395
38END
39START
-9.649382845899346,-117.69193072225157,-9.029200314157315,-92.52853849262236,-36.13599577019453,6.319234654866601,304.5737872640688
39END
40START
-9.675379698629502,-117.7849706916406,-9.023388909937463,-92.5325130286745,-36.13184875769258,6.312989219258781,304.7636693644711
40END
41START
-9.701355738366345,-117.8777547077736,-9.021699765023902,-92.53639999745943,-36.12776205556922,6.308233831267492,304.9532922821254
41END
42START
-9.727188641667325,-117.9697492805904,-9.019134280021959,-92.54027912919588,-36.123558657627285,6.3003784299947085,305.14268190799385
42END
43START
-9.752892757777929,-118.06106255925961,-9.016295463923072,-92.54411923209554,-36.119259021196704,6.293491856159854,305.33189306597524
43END
44START
-9.778483792359209,-118.15167928622638,-9.013270114136274,-92.54796865763173,-36.114901689426034,6.286704919334206,305.52087402710396
44END
45START
-9.803979795155275,-118.2416138020471,-9.010254500777208,-92.55186302331676,-36.110518536018475,6.280626806774103,305.7095839237705
45END
46START
-9.829412649297586,-118.330938945936,-9.007691199524968,-92.55584401415548,-36.106143560774605,6.275724377337068,305.89796919930325
46END
47START
-9.854811805184271,-118.4197525038659,-9.005921429157315,-92.55992533388151,-36.10179934340989,6.27214232407108,306.0859922040447
47END
48START
-9.880171306212208,-118.50807067281434,-9.00484890420555,-92.56407059254782,-36.09747813663024,6.2694213513246755,306.27367328271373
48END
49START
-9.905516982388834,-118.5961401102948,-9.006834660079551,-92.56836263580631,-36.09315377584327,6.27113086711116,306.46108572112314
49END
50START
-9.930917090686904,-118.6844210157707,-9.014776054935668,-92.57303815211637,-36.08877646990879,6.279739101170083,306.64833627334826
50END
51START
-9.956173657351094,-118.77207783237581,-9.017508629026654,-92.57769994797675,-36.084280412908306,6.279111113339004,306.8355087830215
51END
52START
-9.981405566854471,-118.85936340710849,-9.019004508714279,-92.58232399346153,-36.07986095625706,6.276635552657413,307.0223956733532
52END
53START
-10.006626487672317,-118.94631122396643,-9.019818882999555,-92.58689416020073,-36.075553024562225,6.273163437480989,307.20898124708464
53END
54START
-10.031824663447416,-119.03290666377167,-9.019810871064479,-92.5913854529787,-36.07135658663301,6.268851814769542,307.39529540891726
54END
55START
-10.056999378617208,-119.11917738447406,-9.019323726905622,-92.59579507686475,-36.06727072857931,6.2641124022537085,307.58135855508453
55END
56START
-10.082155950441752,-119.20517324553737,-9.018811875439468,-92.6001369010782,-36.063295145805995,6.259307316491978,307.76718484610444
56END
57START
-10.107296925798801,-119.29093125755436,-9.01848831797753,-92.60442791116716,-36.05942571970483,6.254585001079684,307.95278698517956
57END
58START
-25.88518580403266,-106.7567664119625,-9.02049753406681,-92.0217268157182,-52.95885343070112,5.829659546571483,325.6856392579678
58END
59START
-27.795840976291807,-108.3046013329922,-9.096940761608328,-90.64759236192033,-51.906446693758134,5.881695820731117,326.4947963527832
59END
60START
-27.874157001502184,-108.54249076755816,-9.011691044267756,-90.62495135138583,-51.85908060523264,5.825044069006534,326.4829741480859
60END
61START
-27.728456857741147,-92.91537660061236,-5.96577407701826,-70.91148697382091,-38.319967172196996,-0.0978141978786824,291.77520769264333
61END
62START
-27.726873832964436,-92.73304958345258,-5.953682679014766,-70.68818027943726,-38.17789123219627,-0.0862826170126687,291.18589690935676
62END
63START
-6.97163700571041,-107.60483690815482,-8.007953589536399,-91.86691348210982,-35.53519513465072,6.528298492535331,281.38064651254524
63END
64START
-6.99359901990396,-107.69365444872616,-8.054777954191515,-91.87165625458427,-35.53978130347984,6.552167730076069,281.61773969997455
64END
65START
-7.908844753843141,-111.28276241603763,-8.220387684529515,-91.97522509846965,-35.741581195982,6.403311970023335,291.0812007594614
65END
66START
-7.96004790939621,-111.4756930849127,-8.254652377765996,-91.98400575111701,-35.75607022037841,6.425266147953908,291.521801522125
66END
67START
-7.984951440979753,-111.56924603108371,-8.247644549512405,-91.98359092584464,-35.76168949825356,6.390448259331761,291.7413262852075
67END
68START
-8.03711051813277,-111.76430704876371,-8.269351915612415,-91.98826878448979,-35.7744912393204,6.388684416342328,292.1769987238419
68END
69START
-8.115157936508785,-112.05526249440088,-8.283765127524472,-91.98762353718784,-35.791677094446975,6.362096415431087,292.82727095179155
69END
70START
-8.142640464501635,-112.15782399375752,-8.318570918502921,-91.99185878965746,-35.79862633987977,6.404769217957121,293.0423858273804
70END
71START
-8.168569560970862,-112.25402893596026,-8.299923595684124,-91.99133396190457,-35.804721108563015,6.357604978361994,293.2584810138023
71END
72START
-8.19569620438245,-112.35428230082674,-8.320945327811149,-91.99177063839412,-35.81075318869806,6.365040976786974,293.4726432961939
72END
73START
-8.22267390815685,-112.45372882128252,-8.32979914798282,-91.99190903185071,-35.81676388824564,6.358815814870418,293.6868480454819
73END
74START
-8.250752665102498,-112.55791101947665,-8.366105673175829,-91.99669912824497,-35.82382926914369,6.41610980719126,293.9006008089608
74END
75START
-8.276626021234145,-112.65320187531972,-8.331851070369943,-91.99569184215953,-35.82994715801765,6.341964285932764,294.11615381711357
75END
76START
-8.305142842928184,-112.75885032997282,-8.405150000366975,-92.00061076021116,-35.83652175073168,6.462085834157136,294.3295256611692
76END
77START
-8.331477661504717,-112.85537369123212,-8.361392352269448,-92.00137021869143,-35.84394190496219,6.356415378181336,294.54401458979027
77END
78START
-8.35999699881543,-112.96025025619865,-8.431679768228081,-92.00602110904185,-35.85039794519545,6.464382377656752,294.7571493271122
78END
79START
-8.990843735349126,-115.25660036821556,-8.955179085110977,-92.10712065437727,-36.04324874005852,6.2636820501101,299.57082469614073
79END
80START
-9.147921524609242,-115.84081779648312,-8.971165246731491,-92.25341010278038,-36.09988482739975,6.28058090861058,300.8112539652472
80END
81START
-9.198815978361457,-116.03410744545177,-8.969457626259718,-92.2796316083017,-36.106485282296354,6.260294849866186,301.2179631892551
81END
82START
-9.384836467918888,-116.72221184066262,-9.008555515116377,-92.4117961341032,-36.13809548636611,6.320186445235288,302.6251583170176
82END
83START
-9.43756030868944,-116.92031718031924,-9.034222149901677,-92.45570573270979,-36.148950396180496,6.331934028784803,303.02690062551983
83END
84START
-9.490430423572082,-117.11787718311929,-9.033108048517619,-92.49685994711572,-36.15775870309589,6.329303366738763,303.4257753099914
84END
85START
-9.517292884483044,-117.2162812662108,-9.028806309501617,-92.50588334707612,-36.155423714413224,6.325575602889591,303.6185257384972
85END
86START
-9.570338968411692,-117.40799774783704,-9.022531490549738,-92.51649974618644,-36.14780675283216,6.320766903403768,304.0018444147972
86END
87START
-9.597197554989279,-117.50434289112371,-9.04165425980967,-92.52087291997115,-36.1446131634606,6.307318103609666,304.1928167133939
87END
88START
-9.622943844665915,-117.59701190039466,-9.019692240946458,-92.52468921222145,-36.13954807215539,6.315769513677779,304.38351581479395
88END
89START
-9.649382845899346,-117.69193072225157,-9.029200314157315,-92.52853849262236,-36.13599577019453,6.319234654866601,304.5737872640688
89END
90START
-9.675379698629502,-117.7849706916406,-9.023388909937463,-92.5325130286745,-36.13184875769258,6.312989219258781,304.7636693644711
90END
91START
-9.701355738366345,-117.8777547077736,-9.021699765023902,-92.53639999745943,-36.12776205556922,6.308233831267492,304.9532922821254
91END
92START
-9.727188641667325,-117.9697492805904,-9.019134280021959,-92.54027912919588,-36.123558657627285,6.3003784299947085,305.14268190799385
92END
93START
-9.752892757777929,-118.06106255925961,-9.016295463923072,-92.54411923209554,-36.119259021196704,6.293491856159854,305.33189306597524
93END
94START
-9.778483792359209,-118.15167928622638,-9.013270114136274,-92.54796865763173,-36.114901689426034,6.286704919334206,305.52087402710396
94END
95START
-9.803979795155275,-118.2416138020471,-9.010254500777208,-92.55186302331676,-36.110518536018475,6.280626806774103,305.7095839237705
95END
96START
-9.829412649297586,-118.330938945936,-9.007691199524968,-92.55584401415548,-36.106143560774605,6.275724377337068,305.89796919930325
96END
97START
-9.854811805184271,-118.4197525038659,-9.005921429157315,-92.55992533388151,-36.10179934340989,6.27214232407108,306.0859922040447
97END
98START
-9.880171306212208,-118.50807067281434,-9.00484890420555,-92.56407059254782,-36.09747813663024,6.2694213513246755,306.27367328271373
98END
99START
-9.905516982388834,-118.5961401102948,-9.006834660079551,-92.56836263580631,-36.09315377584327,6.27113086711116,306.46108572112314
99END
100START
-9.930917090686904,-118.6844210157707,-9.014776054935668,-92.57303815211637,-36.08877646990879,6.279739101170083,306.64833627334826
100END
101START
-9.956173657351094,-118.77207783237581,-9.017508629026654,-92.57769994797675,-36.084280412908306,6.279111113339004,306.8355087830215
101END
102START
-9.981405566854471,-118.85936340710849,-9.019004508714279,-92.58232399346153,-36.07986095625706,6.276635552657413,307.0223956733532
102END
103START
-10.006626487672317,-118.94631122396643,-9.019818882999555,-92.58689416020073,-36.075553024562225,6.273163437480989,307.20898124708464
103END
104START
-10.031824663447416,-119.03290666377167,-9.019810871064479,-92.5913854529787,-36.07135658663301,6.268851814769542,307.39529540891726
104END
105START
-10.056999378617208,-119.11917738447406,-9.019323726905622,-92.59579507686475,-36.06727072857931,6.2641124022537085,307.58135855508453
105END
106START
-10.082155950441752,-119.20517324553737,-9.018811875439468,-92.6001369010782,-36.063295145805995,6.259307316491978,307.76718484610444
106END
107START
-10.107296925798801,-119.29093125755436,-9.01848831797753,-92.60442791116716,-36.05942571970483,6.254585001079684,307.95278698517956
107END
108START
-25.88518580403266,-106.7567664119625,-9.02049753406681,-92.0217268157182,-52.95885343070112,5.829659546571483,325.6856392579678
108END
109START
-27.795840976291807,-108.3046013329922,-9.096940761608328,-90.64759236192033,-51.906446693758134,5.881695820731117,326.4947963527832
109END
110START
-27.874157001502184,-108.54249076755816,-9.011691044267756,-90.62495135138583,-51.85908060523264,5.825044069006534,326.4829741480859
110END
