0START
869.1933571242893,-6.960007652473431,-20.240461421886824,24.845336915164495,-142.58247991453777,3.5705300636791115,-569.2158832331394,27.553946885610532,3.3607143683720118
0END
1START
869.0965909599472,-7.527376395368435,-20.332000457002685,24.439729927201967,-142.3125119497027,3.5553107360405267,-568.1071353332917,27.659287944816423,3.397079789452399
1END
2START
869.00265389333,-8.084732870378337,-20.330000044007637,24.034657984726742,-142.0421182673985,3.564752945104333,-566.9954921351606,27.767778876496955,3.2997005320843753
2END
3START
868.881423155694,-8.817145531716617,-20.196157445174116,23.493277931003828,-141.6800943759999,3.5430953741297113,-565.5113995956846,27.917124293173025,3.3421618857378173
3END
4START
868.5962712782203,-10.496910015786899,-20.27557545016556,22.274442268122215,-140.87189944765623,3.497535402901029,-562.185842201698,28.235913097115738,3.336555063059362
4END
5START
868.569982204946,-10.670070607401279,-20.10528569350081,22.139133598073418,-140.7805478042175,3.4757360066162253,-561.8111858636249,28.27855736030298,3.433372464146946
5END
6START
868.5019796517306,-11.053564644296092,-20.268074908197548,21.868761306600614,-140.60265633880613,3.5037412807721413,-561.0777690864074,28.344104707745796,3.354442742668632
6END
7START
868.4759611958436,-11.225418834634235,-20.08631829655974,21.733209267066478,-140.51172580186815,3.4616203175210813,-560.702875051092,28.387068535816052,3.4277860749305376
7END
8START
868.4080540899816,-11.608023842304716,-20.247867289154577,21.462958288513548,-140.33362042770935,3.4886243458543404,-559.9694641000651,28.452758122952815,3.3385726171264904
8END
9START
868.3816434813004,-11.780568792047614,-20.08602265572113,21.327267504462295,-140.2425955514415,3.435728341135805,-559.5951494129224,28.49535077578353,3.4216202612238167
9END
10START
868.2204608390525,-12.713852073280448,-20.273884726639686,20.65189969579939,-139.793608631113,3.6039721767699184,-557.7540307190833,28.670549581414996,3.433608531020411
10END
11START
867.9748725444637,-14.16309216924091,-20.104398063292336,19.567746707453495,-139.07756434946015,3.4431521187918133,-554.8000171526921,28.966293668552677,3.258278855806119
11END
12START
-48.51730282047782,-78.3371827304396,-4.882976146389713,-63.081184762501046,-17.652805718620034,0.5093276625775829,218.82577522928077,18.16351270077231,0.08300828546927808
12END
