0START
-29.97974869231132,43.584131952696055,-79.24366968387626,84.4473083377089,54.92959674438771,56.75082610950852,10.468413085959895,-73.1409698007192,-78.61649849760566
0END
1START
177.41085897752282,24.15328730319422,26.601649864232314,110.62113316730569,88.89197249864577,109.82361539611486,166.28799618535533,10.089737362376582,-140.1278938638855
1END
2START
1.8825034772377265,1.2211965707238397,-0.7802026297312499,-0.34187954009272215,-2.0397620551152738,1.1977688124622392,2.214914981293078,-2.386087167516066,0.4375715490870027
2END
3START
78.87496092332222,-48.769971649360656,-85.64216556412016,-27.971895393280107,-70.95373310005002,20.74853758890194,32.843304869010694,88.18199185478011,91.4884919960408
3END
4START
120.55426986445043,31.718886409586098,-6.870519865643804,13.3490354241306,-114.52288412159993,2.7369793623950707,-240.7819081129887,83.86032947712016,4.799732864911992
4END
5START
120.63440298003573,31.82079356593406,-4.756331842817159,13.381585552023504,-114.53315243645412,3.0349659926703327,-240.85151023350016,83.9352497847656,5.29068844753909
5END
6START
134.70943978273462,53.66631097521532,-7.843281299430523,23.46781540091045,-124.93100345884943,3.4310304562192058,-299.7807833868077,87.39401081548844,5.723627057250864
6END
7START
140.0984067608968,62.32903638467118,-5.724534685082512,28.26473065631749,-128.76955584338918,2.7780738025627283,-325.2672721912368,86.86181195012624,5.2748571272208435
7END
8START
141.89223756129908,65.03295264039747,-9.633165373784527,30.019508098476525,-129.88595455718232,5.259933829405792,-334.3316531003047,86.43349186020545,6.990238705480817
8END
9START
211.96291613898273,165.72679022657226,-12.492955789360826,79.75709761761776,-194.67417062450036,7.687788127894409,-619.600303715189,115.176937201582,11.867577908725632
9END
10START
189.509825997521,131.51206902850222,-11.180035079255175,62.733176955481824,-167.41293085290266,7.079100364975703,-519.9207619804446,102.15743586960929,9.66181570429092
10END
11START
198.42713335083303,142.52211778146204,-10.673236791310678,68.24027304807446,-172.72722021560617,8.002063024554504,-548.4313141971164,105.07294025534212,9.461258016901981
11END
12START
199.54534307886422,143.87368861572926,-11.435432507409233,69.00433836657622,-173.29731695250518,7.3837308631012775,-551.9681037061465,105.39462941486971,10.385353275502442
12END
13START
205.71729389099193,151.2575369160739,-10.64306770120108,73.1559307233514,-176.77760784049957,6.7200744289301415,-571.7489977893653,106.93668260069143,9.932729686074335
13END
14START
207.3594796803196,153.29029339890263,-12.345094837013711,73.88497105735021,-177.54811983742397,7.5146032731309145,-575.5640562633633,107.85821110008546,10.796728251913056
14END
15START
217.1578571562864,164.458965169299,-13.002879047903102,79.52321074152194,-181.8137507007138,8.30945944042865,-604.0165648126399,111.04801040563153,11.246409500575478
15END
16START
226.1343080286254,174.11635148928306,-11.862505167111461,83.9347208728054,-184.97737895186594,6.997017607752266,-629.7967025691219,113.59178248168368,9.390331385347638
16END
17START
230.4839957583063,178.57778414587978,-11.372840526331522,86.13756219406707,-186.46610991980674,6.786199797995959,-641.3721465762919,114.9101480950548,9.377974580270548
17END
18START
234.55423840858487,182.88218206127905,-9.175060987618663,88.2073264284793,-188.11983013587346,5.188386950738464,-652.8278195873397,115.98427676866464,10.779177445100574
18END
19START
244.54367084288066,192.6922233317785,-10.139762956219887,93.24822192344351,-192.00154060967088,8.903316006438512,-680.5792437832962,117.89902007763557,8.445025199015008
19END
20START
254.64262887508187,202.24430678803657,-11.19999202807437,97.775717633488,-194.82232733117573,6.619204378105977,-705.7382679598209,120.25999493512187,10.454856128186112
20END
21START
259.4552508940992,206.8378375451213,-12.17183370000021,99.78808263662195,-196.12873904584575,7.8388722929403265,-717.4436209215356,121.43642723535145,10.142768247891462
21END
22START
292.5722561680576,218.09438033395725,-7.417706367426772,107.42594446515419,-179.05400775626126,7.550793362219331,-708.651571966741,120.07281927082006,7.090843494938634
22END
23START
294.8843753014606,218.28596484500883,-7.496460169944197,107.81636006474774,-178.23698104864064,7.522260278408266,-708.523752421857,119.28208039551565,7.113520781581469
23END
24START
311.5142598551845,218.0835605126066,-7.881202629180143,110.20032654792293,-173.04661004550087,7.864239017583056,-707.8537807558182,113.37163875993066,7.405005820006998
24END
25START
316.5173667185162,217.99744641361156,-7.64358957746132,110.91080240216864,-171.86924082643017,7.270357277721576,-707.4259458330937,111.82790272712518,7.151646206752714
25END
26START
469.11812147841334,325.0272162162102,-15.901428867633092,167.58763087905254,-251.24902369473307,13.711202084562526,-1080.3709426276193,130.76811284620342,13.486767614671543
26END
27START
477.9678935933377,330.04797924968574,-17.40709455936748,170.109216848221,-253.93429703961334,13.805919165731314,-1095.663812081278,132.74916955200916,14.328724957588577
27END
28START
487.8822924562318,334.7033381854537,-12.932693533363922,172.70367135776826,-256.39634991630714,13.532761091319433,-1110.3621140849605,134.64151912296379,12.908129857318585
28END
29START
487.8822924562318,334.7033381854537,-12.932693533363922,172.70367135776826,-256.39634991630714,13.532761091319433,-1110.3621140849605,134.64151912296379,12.908129857318585
29END
30START
502.86035408605454,338.38642611582026,-10.042124883413573,173.93299619133518,-250.63821068121229,11.044522118928159,-1100.685849254088,137.89738000336823,11.164391948338631
30END
31START
548.8424927460992,335.8276033743491,-11.852606115998219,176.04165334613245,-243.8166279368238,11.337644829944681,-1082.965048513266,134.26120270692186,11.11596841983205
31END
32START
603.5280603878476,322.771016964214,-12.237862522783699,176.72334959059515,-240.41161665304463,11.710691277936593,-1074.0937406836445,120.85232694637159,10.793982671700778
32END
33START
624.8232921032018,317.56905535781436,-12.638422686012305,176.22342247216633,-239.40719925537582,12.085934113991474,-1073.0267217808293,115.07988600926764,11.007873895773933
33END
34START
653.4302963782975,311.2885197905061,-12.679639441044642,175.23890836498165,-237.35953850687534,11.813701523033902,-1071.5766853602684,107.45836248435452,10.85956378380548
34END
35START
757.8173420293961,222.87275809709504,-7.501529755672971,141.2933085825272,-202.46499624302777,5.482313735205455,-844.0409014965727,72.23708326164592,8.643963893973337
35END
36START
761.5803584546517,218.4260384440615,-7.437855890721774,139.5060204719577,-201.54013259908209,5.327150403462901,-838.7562805690993,69.88316693962707,8.572709750386949
36END
37START
761.7068319556536,218.25719016182404,-6.921267802987139,139.44585273346598,-201.56128727928413,4.981876040449546,-838.6090043399644,69.79422089759646,8.555894046919056
37END
38START
765.6953770511075,213.37233169696944,-7.275402112885882,137.40219923079061,-200.41645000251327,5.390904827832255,-832.8868745473801,67.3593587189674,8.47351980772007
38END
39START
766.0869929313959,212.8948905758343,-7.76112999998923,137.21337768967163,-200.32139516914532,5.473744038210039,-832.3258542009728,67.12374203718664,8.769778087356302
39END
40START
774.1573833177547,214.28421678377887,-18.321162020272837,140.9209054155166,-211.86855304553836,10.136963311802438,-879.4833072641902,61.22853773046188,14.164807398824493
40END
41START
774.1573833177547,214.28421678377887,-18.321162020272837,140.9209054155166,-211.86855304553836,10.136963311802438,-879.4833072641902,61.22853773046188,14.164807398824493
41END
42START
774.1573833177547,214.28421678377887,-18.321162020272837,140.9209054155166,-211.86855304553836,10.136963311802438,-879.4833072641902,61.22853773046188,14.164807398824493
42END
43START
857.5930126273018,154.1747807549415,-7.651857189848496,124.65976249718625,-193.80464640241124,4.323688889610675,-786.9860898918117,34.68362795197712,8.310357096885072
43END
44START
860.6848624481013,152.57975433987636,-7.131953332932914,124.28922828956001,-193.41510951651813,4.337023300765829,-785.5774557522176,33.865232068351744,8.11816252170879
44END
45START
860.6848624481013,152.57975433987636,-7.131953332932914,124.28922828956001,-193.41510951651813,4.337023300765829,-785.5774557522176,33.865232068351744,8.11816252170879
45END
46START
894.3630063433135,126.32590466062251,-8.218666678889981,111.70878071484053,-177.4732339878861,4.000609068588391,-730.4778218150043,21.17108973810907,7.797297674098523
46END
47START
894.3630063433135,126.32590466062251,-8.218666678889981,111.70878071484053,-177.4732339878861,4.000609068588391,-730.4778218150043,21.17108973810907,7.797297674098523
47END
48START
-48.51730282047782,-78.3371827304396,-4.882976146389713,-63.081184762501046,-17.652805718620034,0.5093276625775829,218.82577522928077,18.16351270077231,0.08300828546927808
48END
