0START
766.0869929313959,212.8948905758343,-7.76112999998923,137.21337768967163,-200.32139516914532,5.473744038210039,-832.3258542009728,67.12374203718664,8.769778087356302
0END
1START
766.0132107207662,212.80143623405715,-10.260205588534834,137.15927932901596,-200.37549352980102,-3.42026113713069,-832.4439104255222,67.00076777979547,0.8702923698774763
1END
2START
766.5442314997123,213.35217599665594,8.010416836422934,137.44437504236578,-200.11479093959085,47.1241439170603,-831.7112503023143,67.83657982949117,36.79424833946516
2END
3START
766.2491495325,212.9931596032144,-4.191222507807252,137.33617832105472,-200.24757782483633,28.224656867950785,-832.2719060400178,67.3251044196566,20.24998604443848
3END
4START
765.9540688360917,212.6341457513806,-16.392818644705685,137.22798159974366,-200.3803647100818,9.32518633929164,-832.8325592361136,66.81363155142976,3.705731374235043
4END
5START
766.0411329897452,212.72120990503413,-12.524755818004326,137.2231892254369,-200.40812706399703,6.846582719992031,-832.6485948632333,66.9484145443096,10.194960084118065
5END
6START
765.9870294722816,212.64743425564242,-14.10854799392554,137.1690908640008,-200.46222542543316,-1.482958264019806,-832.7322117342264,66.85987964052978,3.599465616776847
6END
7START
766.4442526326312,213.1292353881227,1.834015547343558,137.4051567894619,-200.19665775084357,43.2151122262752,-832.0733553255169,67.56289295715221,32.69778276040065
7END
8START
766.149170665419,212.77021899468116,-10.367623796886628,137.29696006815084,-200.32944463608905,24.315625177165685,-832.6340110632204,67.05141754731764,16.153520465373965
8END
9START
765.8786790612863,212.4456294281834,-21.401225375603445,137.18876334683978,-200.45239545576078,5.929336372827539,-833.1454860747648,66.57928679806851,0.15024436579141565
9END
10START
766.2278605285218,212.8489092566614,-7.87414854449306,137.3363043291213,-200.31469058001235,22.785664724908326,-832.6192554272019,67.14486166685985,24.391353828618453
10END
11START
765.9426146268826,212.5046469615797,-19.559394446154855,137.22810760781024,-200.44747746525783,4.120542593804998,-833.1602390337595,66.64814035538515,7.950370222104841
11END
12START
766.1204564951898,212.69724292824762,-12.028009763604341,137.2821902915503,-200.3884610718175,12.459179562474764,-832.8488175922272,66.91942522735661,16.798451409659478
12END
13START
765.9185912098641,212.4609514134138,-20.074720902678536,137.17891160302614,-200.49173976034172,-3.1903840907470045,-833.2277320578805,66.56487498457375,1.9743708847184163
13END
14START
766.484164722442,213.08554106152124,-0.7841373876784488,137.4641575046651,-200.2212479570634,47.790454231172546,-832.4605192010407,67.46979204254285,38.53503913308784
14END
15START
766.1890827552297,212.7265246680797,-12.985776731908635,137.35596078335405,-200.3540348423089,28.89096718206303,-833.0211749387443,66.95831663270828,21.99077683806116
15END
16START
765.9087548863781,212.38718040578564,-24.47430132204188,137.247764062043,-200.48682172755437,10.225845050985829,-833.5523224797265,66.47143138680808,5.746514543033875
16END
17START
766.0538006654223,212.56174362873276,-17.83489123703085,137.27968583980726,-200.48190369476734,11.513838217434113,-833.2990799793646,66.70992903599127,14.30892259284415
17END
18START
765.9211510938927,212.39958586048198,-22.36151584570424,137.20099731521745,-200.57520900400203,-1.1473514437819574,-833.5397889584897,66.47905612244013,3.117814303105993
18END
19START
766.471965474825,213.01925129432806,-3.2775814458184733,137.48623792565527,-200.3047179037749,47.762880567603425,-832.7873352332955,67.35937799704517,37.66677158784441
19END
20START
766.1768835076127,212.6602349008865,-15.47922079004866,137.3780412043442,-200.43750478902038,28.863393518493908,-833.347990970999,66.8479025872106,21.122509292817725
20END
21START
765.916070334218,212.35515943239676,-26.099480104611715,137.26984448303315,-200.5604556086921,10.67420614441145,-833.8401091210675,66.39512869943736,5.30217995806354
21END
22START
766.0884317791979,212.56217740749204,-18.261294877778706,137.31410677924342,-200.55553757375682,12.947014893522013,-833.5546329219895,66.68083519697451,16.426457934253452
22END
23START
765.92613669714,212.37037412871294,-24.251458819495916,137.22558218908028,-200.65389822949524,-1.1322054369685315,-833.8546329221713,66.39067126236672,3.610064482666294
23END
24START
766.4769563666555,212.99004625787674,-5.167426073301378,137.51082808747245,-200.38340642621694,47.778533234498724,-833.1021739083939,67.27099912860307,38.15924468371189
24END
25START
766.1818743994432,212.6310298644352,-17.369065417531566,137.4026313661614,-200.51619331146242,28.879046185389207,-833.6628296460974,66.75952371876849,21.614982388685206
25END
26START
765.926136694526,212.33102986443615,-27.67480312242128,137.29443464485033,-200.63914413113415,10.825706677261604,-834.1447968592109,66.31690076795017,5.980556159230471
26END
27START
766.108103907637,212.56217740541587,-19.567426073364032,137.34361497271567,-200.62930806556022,13.199191595116398,-833.8497148920054,66.62181880072957,17.218261076875386
27END
28START
765.9507247884255,212.3752900894832,-25.33637168378961,137.26000634530726,-200.72766872129756,-0.4696687417065899,-834.1398829664943,66.34148679181466,4.4559432246067185
28END
29START
766.467118231048,212.95069992554815,-6.822830700209401,137.5255801157989,-200.47684904916676,45.10691011070859,-833.426768212397,67.16771630001035,36.10840224096613
29END
30START
766.1720362638357,212.5916835321066,-19.02447004443959,137.41738339448784,-200.60963593441224,26.207423061599073,-833.9874239501005,66.65624089017578,19.564139945939445
30END
31START
765.94088872285,212.32610976161286,-28.228568405148682,137.30918667317678,-200.72766872129708,9.056747651729566,-834.4251288681378,66.25788023443366,4.116598962366107
31END
32START
766.2111512068813,212.6504706062979,-16.982631772715138,137.4075567985666,-200.65906653135787,18.417371705238498,-834.0073044507253,66.70004454681475,21.41045135824733
32END
33START
765.9947576688274,212.399650838736,-25.576898557698797,137.3042781100424,-200.77709931777858,1.9360355849696376,-834.4155013628989,66.32627386368533,6.213728340659669
33END
34START
766.4153971156728,212.87930667902387,-9.630341540086672,137.49377264956092,-200.60005277110727,31.893795680889358,-833.8030586373654,67.00525767540904,31.399486097747378
34END
35START
766.1252331812475,212.53012635115607,-21.664767769563092,137.38557592824986,-200.73283965635275,13.058243058009221,-834.3538783094953,66.50361833114822,14.884731999441946
35END
36START
766.0022823615759,212.3776673347633,-25.64837432692448,137.30688740366006,-200.82628227930323,0.6866045334768085,-834.5801078176913,66.28722488852617,4.296207409321372
36END
37START
766.5031912569838,212.93759262361365,-7.4509032361528895,137.55697662694251,-200.59513473380878,43.29463807245245,-833.8824776108086,67.08740333507438,34.83933246690019
37END
38START
766.2081092897715,212.5785762301721,-19.652542580383077,137.44877990563145,-200.72792161905426,24.395151023342933,-834.4431333485121,66.57592792523981,18.295070171873505
38END
39START
765.9867978143625,212.32283852525492,-28.4779524164233,137.3405831843204,-200.84103637315224,7.543000203737517,-834.8611661353963,66.18740333507712,3.211463614548814
39END
40START
766.3065007679803,212.70647590513852,-15.663185783679292,137.46845203677864,-200.75245013810311,20.88876242897098,-834.3742192445822,66.70874563295638,24.316714940775867
40END
41START
766.0655171614237,212.42123000350009,-25.245972668898325,137.36025531546758,-200.87048292498795,3.5698902978910887,-834.8266782609744,66.29071284607244,8.78064936705864
41END
42START
766.3250130442275,212.71515211581857,-14.897045343130598,137.46730077358401,-200.77704030210623,18.429220414797264,-834.3999778552335,66.69774971243915,22.77003600758366
42END
43START
766.0840294378461,212.42990621435632,-24.479832218207314,137.35910405227295,-200.89507308899107,1.1103482883595923,-834.8524368714501,66.2797169259056,7.233970434746357
43END
44START
766.4782587936105,212.87865167017827,-9.454578386791287,137.53615324560943,-200.72294194145027,32.27395453675478,-834.2664042369685,66.90096252268054,30.242114808191523
44END
45START
766.1880948591852,212.52947134231047,-21.489004616267707,137.42795652429837,-200.85572882669575,13.438401913874642,-834.8172239090983,66.39932317841972,13.727360709886092
45END
46START
766.0811816556412,212.39304994204534,-24.61646599299764,137.35414683832562,-200.94429261102917,1.7780786821884949,-835.011378185039,66.21500496805143,4.4377262494728615
46END
47START
766.5385586482065,212.9094433280531,-7.529155877300699,137.55578618246832,-200.74265326681234,37.41241921492336,-834.3572798809988,66.95270982920734,32.82460866929081
47END
48START
766.2434766809943,212.55042693461155,-19.730795221530883,137.44758946115726,-200.87544015205782,18.512932165813844,-834.9179356187024,66.44123441937276,16.280346374264127
48END
49START
766.0516734052854,212.32911546218156,-27.15702448223795,137.3443107726331,-200.9836368733689,2.8918265179846365,-835.2769520061859,66.10680819575958,2.2393630711418666
49END
50START
766.5385586511865,212.8897711998857,-9.43528677734766,137.55086814968206,-200.77707949631997,37.781786681882295,-834.5933454488099,66.88877540887324,32.986904054709136
50END
51START
766.2434766839743,212.53075480644426,-21.636926121576103,137.442671428371,-200.90986638156545,18.882299632773442,-835.1540011865134,66.37729999903877,16.442641759682758
51END
52START
766.0664275036471,212.32419742939584,-28.158237596965193,137.3443107726337,-201.01806310287654,3.8556611082463412,-835.4835093832338,66.06746393346609,3.326248317108229
52END
53START
766.4992277461281,212.8307681636714,-12.044375897032385,137.53119603445307,-200.83117785698494,31.387428249299276,-834.8589058620647,66.76583797766413,30.041830133242364
53END
54START
766.2090638117028,212.4815878358036,-24.078802126508805,137.42299931314201,-200.96396474223042,12.55187562641914,-835.4097255341945,66.26419863340331,13.527076034936933
54END
55START
766.1500155069987,212.40778543055853,-25.408607324043942,137.35409917798077,-201.0377352362138,2.50964977295304,-835.522904109726,66.16085612235563,6.797032672207859
55END
56START
766.524414081872,212.8411984266457,-10.959315277467708,137.51639413860158,-200.88527628050937,25.8415173170898,-834.9665383823811,66.76640025020255,28.686769105380336
56END
57START
766.2391681802335,212.49693613156475,-22.64456117907597,137.40819741729052,-201.01806316575485,7.1763951860125985,-835.5075219889372,66.2696789387286,12.245785498878035
57END
58START
766.2592435700717,212.50718845020694,-20.791912001157037,137.39344339711417,-201.0377353984908,3.0456963317478705,-835.4772074547225,66.29507544015671,9.651399715603667
58END
59START
766.4362927504067,212.68915566332885,-13.291912000884487,137.4622958561378,-200.96396490668033,13.649631086429569,-835.1722894219288,66.5606492106628,17.416973486381977
59END
60START
766.2297353992996,212.44817208271368,-21.438632715684502,137.35901716761364,-201.07216160205007,-2.3055303846588124,-835.560813960209,66.20163284316273,2.515334557233521
60END
61START
766.796707677844,213.07695775399927,-2.107485919081306,137.6456615604979,-200.8002713075265,48.68994287321394,-834.7922023374027,67.10934787524693,39.08158503304284
61END
62START
766.5016257106317,212.71794136055772,-14.309125263311492,137.53746483918684,-200.93305819277197,29.79045582410442,-835.3528580751063,66.59787246541235,22.537322738016158
62END
63START
766.2212978417806,212.3785970982645,-25.797649853429668,137.42926811787578,-201.06584507801662,11.125333693037959,-835.8840056160877,66.11098721951298,6.293060442998367
63END
64START
766.3542286943186,212.54595082291522,-19.741611558094817,137.4490875736886,-201.08059951556191,10.505540733607356,-835.6574822381211,66.3276711745106,13.7640669088802
64END
65START
766.2558680375853,212.41808196946064,-22.594070620416772,137.37531708188567,-201.16420607293864,-0.6495815951652357,-835.8345314204407,66.16045805766746,4.852591420247908
65END
66START
766.771977606728,212.9931551039184,-4.088578482593121,137.64088268682647,-200.9133945075336,44.87590316173507,-835.1217005398231,66.98611981890387,36.47923333697021
66END
67START
766.4768956395158,212.63413871047686,-16.29021782682331,137.5326859655154,-201.0461813927791,25.97641611262555,-835.6823562775267,66.4746444090693,19.934971041943527
67END
68START
766.2309940031301,212.3439747849251,-26.010709573875808,137.42448924420435,-201.16421417966393,8.482953840239091,-836.144651353577,66.04677556252729,4.364479277170149
68END
69START
766.4812793490188,212.64344042642026,-15.482020148393259,137.51731418313642,-201.11503386791307,16.386607108699728,-835.7468250240822,66.45435458369514,20.75795166230074
69END
70START
766.2698039391785,212.39753878707185,-23.89431523050927,137.41403549461225,-201.22814862201602,0.051341534877376915,-836.1451856798288,66.0855021246756,5.772705760483012
70END
71START
766.7662045466041,212.95295578758103,-5.855684247802056,137.66977318847194,-200.98716501546033,43.188789392898755,-835.4520637609282,66.87206666616736,36.04298639349342
71END
72START
766.4711225793918,212.59393939413948,-18.05732359203224,137.56157646716088,-201.11995190070581,24.289302343789238,-836.0127194986318,66.36059125633278,19.498724098466738
72END
73START
766.2399760034134,212.32836658865295,-27.261383352485698,137.45337974584982,-201.23798468759065,7.138656849157016,-836.4504224866546,65.96223156560075,4.051213030049796
73END
74START
766.5404250655789,212.68291401147417,-15.064892909499454,137.57140905419752,-201.1534033401437,19.484202667480567,-835.9871912302269,66.44956267786986,23.521508631453457
74END
75START
766.2994414590223,212.39766810983573,-24.647679794718485,137.46321233288646,-201.27143612702855,2.165330536400674,-836.4396502466192,66.03152989098592,7.98544305773623
75END
76START
766.6192090773895,212.75687547711382,-12.176170346371403,137.59600568797632,-201.13864600731713,22.974242580277735,-835.9428302134588,66.53336020999632,25.912847529937395
76END
77START
766.3414231890438,212.42261540457557,-23.57191344864858,137.48780896666526,-201.26634847406257,4.375217889701023,-836.4688937934295,66.05155892510767,9.727046897890926
77END
78START
766.5135543366083,212.6193367160745,-16.04486426740887,137.5320712617709,-201.21716814617008,11.49585362930199,-836.1787298589801,66.31713269564655,17.492620669308586
78END
79START
766.3315917965708,212.40786597931586,-23.119244147407244,137.43863331159207,-201.32044683411502,-3.2752104186017146,-836.518064775121,65.99255187786649,3.3680819374314854
79END
80START
766.901110284535,213.0501503026879,-3.674210442962387,137.72879724601793,-201.0499236897551,47.61852227082948,-835.7469069428951,66.90144596920682,39.502928581970814
80END
81START
766.6060283173227,212.69113390924636,-15.875849787192573,137.62060052470687,-201.18271057500058,28.719035221719963,-836.3075626805986,66.38997055937224,22.95866628694413
81END
82START
766.3404586396597,212.38130192735983,-26.78625569781162,137.5124038033958,-201.3056613946723,10.370505072633733,-836.8091938392038,65.92768366306235,7.01942440025239
82END
83START
766.4879877851704,212.57305275716004,-19.982483781665092,137.54681817005323,-201.29584564687212,11.458377004018708,-836.5632955830329,66.16864359342796,14.834968579506146
83END
84START
766.3650369702925,212.42059374556092,-24.16281135808765,137.46812964546342,-201.3843702370357,-0.692113660660878,-836.7895250816415,65.95225016039325,3.8579198594146895
84END
85START
766.8959740641824,213.02038329846712,-5.456547555076611,137.73841100164748,-201.12371449933116,46.41394553635762,-836.0569486434897,66.80285938562436,36.823859589738916
85END
86START
766.6008920969701,212.66136690502557,-17.6581868993068,137.63021428033642,-201.25650138457664,27.514458487248106,-836.6176043811932,66.29138397578978,20.279597294712232
86END
87START
766.3553475223296,212.37227416470895,-27.371894473203483,137.52201755902536,-201.37453417146148,10.023727737211125,-837.0791853337535,65.86422925273787,4.71374733262452
87END
88START
766.5720467802246,212.63815375122198,-18.061855408767357,137.59084855500075,-201.35002309067073,14.973332085269913,-836.7289655523408,66.22385727670051,18.899669663251697
88END
89START
766.3801007688476,212.41654764180544,-25.574490026914447,137.49740593205033,-201.45821064335271,-0.24166880095890164,-837.0882674111608,65.8843702817174,4.330533818759259
89END
90START
766.8964942144843,212.99195748691383,-7.06094902525,137.7629797025418,-201.20739096820736,45.33491008904832,-836.3751526510346,66.710599795942,35.98299319082687
90END
91START
766.601412247272,212.63294109347228,-19.262588369480184,137.65478298123074,-201.34017785345284,26.435423039938804,-836.9358083887381,66.19912438610743,19.438730895800184
91END
92START
766.3702647062896,212.36736732298178,-28.46668673009286,137.54658625991968,-201.45821064033768,9.284747630183137,-837.3735133067689,65.8007637303714,3.9911899122599035
92END
93START
766.6407423608752,212.69194333822296,-17.399150668804605,137.64985015471075,-201.3942882219175,18.187210221287646,-836.950578776674,66.24335838380475,21.665882250447254
93END
94START
766.4285040016607,212.44527874950046,-25.83967487777341,137.54657146618658,-201.50816592539454,1.82928505102403,-837.3504653311688,65.87374297541048,6.647829525559443
94END
95START
766.841908692121,212.91769983340328,-10.127952015497634,137.73345671209083,-201.3357448414941,31.329228600209873,-836.7452573620204,66.53825727436679,31.245553576062
95END
96START
766.5517447576957,212.56851950553548,-22.162378244974054,137.62525999077977,-201.46853172673957,12.493675977329737,-837.2960770341502,66.03661793010596,14.73079947775657
96END
97START
766.4484669648228,212.4357335159414,-25.245953935770157,137.55148949897685,-201.55213828730578,1.1712731176752769,-837.4829700210248,65.85956100880531,5.4205232010177316
97END
98START
766.9009285188615,212.94721146342263,-8.247121372432005,137.75312884323895,-201.36032993349028,36.414099174703935,-836.8337871555111,66.58743493647277,33.35518289144226
98END
99START
766.6058465516493,212.58819506998108,-20.448760716662193,137.6449321219279,-201.49311681873576,17.514612125594418,-837.3944428932147,66.0759595266382,16.810920596415578
99END
MaxAccuracyIndicesSTART
0
MaxAccuracyIndicesEND
